tid,loop_in_cs,lock_acquires,duration,glock_tries,handovers,array_size(B),nodeID,run,lockNR
000,00061975,00061975,010,00123950,00000000,001024,001,000,0512
001,00060729,00060729,010,00121458,00000000,001024,001,000,0512
002,00061732,00061732,010,00123464,00000000,001024,001,000,0512
003,00061237,00061237,010,00122474,00000000,001024,001,000,0512
004,00061404,00061404,010,00122808,00000000,001024,001,000,0512
005,00060644,00060644,010,00121288,00000000,001024,001,000,0512
006,00061363,00061363,010,00122726,00000000,001024,001,000,0512
007,00061856,00061856,010,00123712,00000000,001024,001,000,0512
008,00061195,00061195,010,00122390,00000000,001024,001,000,0512
009,00061793,00061793,010,00123586,00000000,001024,001,000,0512
010,00061327,00061327,010,00122654,00000000,001024,001,000,0512
011,00060968,00060968,010,00121936,00000000,001024,001,000,0512
012,00061748,00061748,010,00123496,00000000,001024,001,000,0512
013,00060995,00060995,010,00121990,00000000,001024,001,000,0512
014,00061266,00061266,010,00122532,00000000,001024,001,000,0512
015,00061503,00061503,010,00123006,00000000,001024,001,000,0512
016,00062360,00062360,010,00124720,00000000,001024,001,000,0512
017,00061862,00061862,010,00123724,00000000,001024,001,000,0512
018,00061582,00061582,010,00123164,00000000,001024,001,000,0512
019,00061913,00061913,010,00123826,00000000,001024,001,000,0512
020,00061771,00061771,010,00123542,00000000,001024,001,000,0512
021,00061601,00061601,010,00123202,00000000,001024,001,000,0512
022,00061206,00061206,010,00122412,00000000,001024,001,000,0512
023,00061765,00061765,010,00123530,00000000,001024,001,000,0512
024,00060864,00060864,010,00121728,00000000,001024,001,000,0512
025,00061897,00061897,010,00123794,00000000,001024,001,000,0512
026,00061507,00061507,010,00123014,00000000,001024,001,000,0512
027,00061912,00061912,010,00123824,00000000,001024,001,000,0512
028,00062382,00062382,010,00124764,00000000,001024,001,000,0512
029,00061520,00061520,010,00123040,00000000,001024,001,000,0512
030,00061224,00061224,010,00122448,00000000,001024,001,000,0512
031,00061761,00061761,010,00123522,00000000,001024,001,000,0512
000,00062020,00062020,010,00124040,00000000,001024,001,001,0512
001,00060789,00060789,010,00121578,00000000,001024,001,001,0512
002,00061829,00061829,010,00123658,00000000,001024,001,001,0512
003,00061254,00061254,010,00122508,00000000,001024,001,001,0512
004,00061503,00061503,010,00123006,00000000,001024,001,001,0512
005,00060668,00060668,010,00121336,00000000,001024,001,001,0512
006,00061383,00061383,010,00122766,00000000,001024,001,001,0512
007,00061926,00061926,010,00123852,00000000,001024,001,001,0512
008,00061339,00061339,010,00122678,00000000,001024,001,001,0512
009,00061913,00061913,010,00123826,00000000,001024,001,001,0512
010,00061315,00061315,010,00122630,00000000,001024,001,001,0512
011,00061041,00061041,010,00122082,00000000,001024,001,001,0512
012,00061760,00061760,010,00123520,00000000,001024,001,001,0512
013,00061181,00061181,010,00122362,00000000,001024,001,001,0512
014,00061345,00061345,010,00122690,00000000,001024,001,001,0512
015,00061518,00061518,010,00123036,00000000,001024,001,001,0512
016,00062455,00062455,010,00124910,00000000,001024,001,001,0512
017,00061920,00061920,010,00123840,00000000,001024,001,001,0512
018,00061647,00061647,010,00123294,00000000,001024,001,001,0512
019,00061979,00061979,010,00123958,00000000,001024,001,001,0512
020,00061911,00061911,010,00123822,00000000,001024,001,001,0512
021,00061719,00061719,010,00123438,00000000,001024,001,001,0512
022,00061252,00061252,010,00122504,00000000,001024,001,001,0512
023,00061791,00061791,010,00123582,00000000,001024,001,001,0512
024,00060946,00060946,010,00121892,00000000,001024,001,001,0512
025,00061924,00061924,010,00123848,00000000,001024,001,001,0512
026,00061550,00061550,010,00123100,00000000,001024,001,001,0512
027,00061892,00061892,010,00123784,00000000,001024,001,001,0512
028,00062427,00062427,010,00124854,00000000,001024,001,001,0512
029,00061551,00061551,010,00123102,00000000,001024,001,001,0512
030,00061444,00061444,010,00122888,00000000,001024,001,001,0512
031,00061805,00061805,010,00123610,00000000,001024,001,001,0512
000,00061917,00061917,010,00123834,00000000,001024,001,002,0512
001,00060696,00060696,010,00121392,00000000,001024,001,002,0512
002,00061547,00061547,010,00123094,00000000,001024,001,002,0512
003,00061173,00061173,010,00122346,00000000,001024,001,002,0512
004,00061333,00061333,010,00122666,00000000,001024,001,002,0512
005,00060617,00060617,010,00121234,00000000,001024,001,002,0512
006,00061309,00061309,010,00122618,00000000,001024,001,002,0512
007,00061850,00061850,010,00123700,00000000,001024,001,002,0512
008,00061166,00061166,010,00122332,00000000,001024,001,002,0512
009,00061774,00061774,010,00123548,00000000,001024,001,002,0512
010,00061269,00061269,010,00122538,00000000,001024,001,002,0512
011,00060968,00060968,010,00121936,00000000,001024,001,002,0512
012,00061590,00061590,010,00123180,00000000,001024,001,002,0512
013,00061092,00061092,010,00122184,00000000,001024,001,002,0512
014,00061290,00061290,010,00122580,00000000,001024,001,002,0512
015,00061459,00061459,010,00122918,00000000,001024,001,002,0512
016,00062297,00062297,010,00124594,00000000,001024,001,002,0512
017,00061846,00061846,010,00123692,00000000,001024,001,002,0512
018,00061504,00061504,010,00123008,00000000,001024,001,002,0512
019,00061888,00061888,010,00123776,00000000,001024,001,002,0512
020,00061755,00061755,010,00123510,00000000,001024,001,002,0512
021,00061704,00061704,010,00123408,00000000,001024,001,002,0512
022,00061188,00061188,010,00122376,00000000,001024,001,002,0512
023,00061649,00061649,010,00123298,00000000,001024,001,002,0512
024,00060827,00060827,010,00121654,00000000,001024,001,002,0512
025,00061836,00061836,010,00123672,00000000,001024,001,002,0512
026,00061461,00061461,010,00122922,00000000,001024,001,002,0512
027,00061866,00061866,010,00123732,00000000,001024,001,002,0512
028,00062425,00062425,010,00124850,00000000,001024,001,002,0512
029,00061393,00061393,010,00122786,00000000,001024,001,002,0512
030,00061359,00061359,010,00122718,00000000,001024,001,002,0512
031,00061674,00061674,010,00123348,00000000,001024,001,002,0512
