tid,loop_in_cs,lock_acquires,duration,glock_tries,handovers,handovers_data,array_size(B),nodeID,run,lockNR
000,00054200,00054200,010,00051826,00002374,00002374,001024,000,000,00000512
001,00054200,00054200,010,00051673,00002527,00002527,001024,000,000,00000512
002,00054600,00054600,010,00051996,00002604,00002604,001024,000,000,00000512
003,00054014,00054014,010,00051416,00002598,00002598,001024,000,000,00000512
004,00054354,00054354,010,00051629,00002725,00002725,001024,000,000,00000512
005,00053400,00053400,010,00050855,00002545,00002545,001024,000,000,00000512
006,00054149,00054149,010,00051591,00002558,00002558,001024,000,000,00000512
007,00054200,00054200,010,00051548,00002652,00002652,001024,000,000,00000512
008,00055200,00055200,010,00052712,00002488,00002488,001024,000,000,00000512
009,00054040,00054040,010,00051479,00002561,00002561,001024,000,000,00000512
010,00053700,00053700,010,00051108,00002592,00002592,001024,000,000,00000512
011,00055600,00055600,010,00053017,00002583,00002583,001024,000,000,00000512
012,00054700,00054700,010,00052137,00002563,00002563,001024,000,000,00000512
013,00055000,00055000,010,00052388,00002612,00002612,001024,000,000,00000512
014,00055200,00055200,010,00052590,00002610,00002610,001024,000,000,00000512
015,00054600,00054600,010,00051936,00002664,00002664,001024,000,000,00000512
016,00055300,00055300,010,00052688,00002612,00002612,001024,000,000,00000512
017,00054623,00054623,010,00051973,00002650,00002650,001024,000,000,00000512
018,00054300,00054300,010,00051726,00002574,00002574,001024,000,000,00000512
019,00055160,00055160,010,00052424,00002736,00002736,001024,000,000,00000512
020,00055857,00055857,010,00053237,00002620,00002620,001024,000,000,00000512
021,00055400,00055400,010,00052855,00002545,00002545,001024,000,000,00000512
022,00054379,00054379,010,00051775,00002604,00002604,001024,000,000,00000512
023,00055300,00055300,010,00052703,00002597,00002597,001024,000,000,00000512
024,00056100,00056100,010,00053502,00002598,00002598,001024,000,000,00000512
025,00055715,00055715,010,00053110,00002605,00002605,001024,000,000,00000512
026,00055700,00055700,010,00053032,00002668,00002668,001024,000,000,00000512
027,00054600,00054600,010,00052066,00002534,00002534,001024,000,000,00000512
028,00054900,00054900,010,00052312,00002588,00002588,001024,000,000,00000512
029,00055253,00055253,010,00052548,00002705,00002705,001024,000,000,00000512
030,00056100,00056100,010,00053449,00002651,00002651,001024,000,000,00000512
031,00055800,00055800,010,00053178,00002622,00002622,001024,000,000,00000512
000,00066900,00066900,010,00062978,00003922,00003922,001024,000,001,00000512
001,00066866,00066866,010,00062712,00004154,00004154,001024,000,001,00000512
002,00066600,00066600,010,00062599,00004001,00004001,001024,000,001,00000512
003,00066300,00066300,010,00062457,00003843,00003843,001024,000,001,00000512
004,00066900,00066900,010,00062832,00004068,00004068,001024,000,001,00000512
005,00067212,00067212,010,00063248,00003964,00003964,001024,000,001,00000512
006,00067100,00067100,010,00063218,00003882,00003882,001024,000,001,00000512
007,00066800,00066800,010,00062822,00003978,00003978,001024,000,001,00000512
008,00068000,00068000,010,00064179,00003821,00003821,001024,000,001,00000512
009,00066700,00066700,010,00062869,00003831,00003831,001024,000,001,00000512
010,00068653,00068653,010,00064688,00003965,00003965,001024,000,001,00000512
011,00067471,00067471,010,00063513,00003958,00003958,001024,000,001,00000512
012,00067861,00067861,010,00063915,00003946,00003946,001024,000,001,00000512
013,00068641,00068641,010,00064512,00004129,00004129,001024,000,001,00000512
014,00068400,00068400,010,00064327,00004073,00004073,001024,000,001,00000512
015,00068800,00068800,010,00064742,00004058,00004058,001024,000,001,00000512
016,00068500,00068500,010,00064350,00004150,00004150,001024,000,001,00000512
017,00068934,00068934,010,00064807,00004127,00004127,001024,000,001,00000512
018,00069700,00069700,010,00065604,00004096,00004096,001024,000,001,00000512
019,00069100,00069100,010,00065075,00004025,00004025,001024,000,001,00000512
020,00070100,00070100,010,00065893,00004207,00004207,001024,000,001,00000512
021,00070300,00070300,010,00066233,00004067,00004067,001024,000,001,00000512
022,00069200,00069200,010,00065314,00003886,00003886,001024,000,001,00000512
023,00070300,00070300,010,00066068,00004232,00004232,001024,000,001,00000512
024,00070791,00070791,010,00066643,00004148,00004148,001024,000,001,00000512
025,00070700,00070700,010,00066554,00004146,00004146,001024,000,001,00000512
026,00070300,00070300,010,00066219,00004081,00004081,001024,000,001,00000512
027,00070000,00070000,010,00065902,00004098,00004098,001024,000,001,00000512
028,00069681,00069681,010,00065592,00004089,00004089,001024,000,001,00000512
029,00070800,00070800,010,00066530,00004270,00004270,001024,000,001,00000512
030,00071000,00071000,010,00066782,00004218,00004218,001024,000,001,00000512
031,00070126,00070126,010,00066008,00004118,00004118,001024,000,001,00000512
000,00053798,00053798,010,00051245,00002553,00002553,001024,000,002,00000512
001,00053400,00053400,010,00050875,00002525,00002525,001024,000,002,00000512
002,00053300,00053300,010,00050843,00002457,00002457,001024,000,002,00000512
003,00053100,00053100,010,00050514,00002586,00002586,001024,000,002,00000512
004,00053200,00053200,010,00050733,00002467,00002467,001024,000,002,00000512
005,00053300,00053300,010,00050703,00002597,00002597,001024,000,002,00000512
006,00053995,00053995,010,00051528,00002467,00002467,001024,000,002,00000512
007,00053400,00053400,010,00050944,00002456,00002456,001024,000,002,00000512
008,00053300,00053300,010,00050742,00002558,00002558,001024,000,002,00000512
009,00054600,00054600,010,00051959,00002641,00002641,001024,000,002,00000512
010,00054688,00054688,010,00051976,00002712,00002712,001024,000,002,00000512
011,00054565,00054565,010,00051952,00002613,00002613,001024,000,002,00000512
012,00053500,00053500,010,00050971,00002529,00002529,001024,000,002,00000512
013,00053200,00053200,010,00050568,00002632,00002632,001024,000,002,00000512
014,00055200,00055200,010,00052661,00002539,00002539,001024,000,002,00000512
015,00055200,00055200,010,00052610,00002590,00002590,001024,000,002,00000512
016,00054000,00054000,010,00051369,00002631,00002631,001024,000,002,00000512
017,00054100,00054100,010,00051506,00002594,00002594,001024,000,002,00000512
018,00055700,00055700,010,00053272,00002428,00002428,001024,000,002,00000512
019,00054500,00054500,010,00051901,00002599,00002599,001024,000,002,00000512
020,00055334,00055334,010,00052815,00002519,00002519,001024,000,002,00000512
021,00054000,00054000,010,00051442,00002558,00002558,001024,000,002,00000512
022,00054800,00054800,010,00052257,00002543,00002543,001024,000,002,00000512
023,00055900,00055900,010,00053249,00002651,00002651,001024,000,002,00000512
024,00055700,00055700,010,00053022,00002678,00002678,001024,000,002,00000512
025,00055600,00055600,010,00052962,00002638,00002638,001024,000,002,00000512
026,00054743,00054743,010,00052301,00002442,00002442,001024,000,002,00000512
027,00055622,00055622,010,00053050,00002572,00002572,001024,000,002,00000512
028,00055500,00055500,010,00053087,00002413,00002413,001024,000,002,00000512
029,00055600,00055600,010,00052875,00002725,00002725,001024,000,002,00000512
030,00054500,00054500,010,00052055,00002445,00002445,001024,000,002,00000512
031,00055300,00055300,010,00052818,00002482,00002482,001024,000,002,00000512
